Year	Month	Q_ac_ft_per_month	Q_cms
1905	10	458528	215.1703426
1905	11	401644	188.4767715
1905	12	226871	106.4622243
1906	1	244314	114.6475833
1906	2	292534	137.2754575
1906	3	678174	318.2421398
1906	4	1204640	565.2932895
1906	5	3635101	1705.819334
1906	6	5014167	2352.964336
1906	7	2950460	1384.542468
1906	8	1605086	753.2078836
1906	9	1503159	705.3772877
1906	10	739807	347.1642421
1906	11	503006	236.0422337
1906	12	353312	165.7963397
1907	1	356760	167.4143595
1907	2	377349	177.0760206
1907	3	789130	370.3097137
1907	4	1465838	687.8639137
1907	5	2702179	1268.033318
1907	6	5967232	2800.202722
1907	7	5103491	2394.880807
1907	8	1920787	901.354763
1907	9	955414	448.3406851
1907	10	608812	285.6931018
1907	11	377467	177.1313937
1907	12	268130	125.823557
1908	1	276192	129.6067574
1908	2	379543	178.1055842
1908	3	664762	311.948381
1908	4	1041224	488.6081652
1908	5	1595614	748.7630221
1908	6	2922360	1371.356171
1908	7	1924283	902.9953074
1908	8	1117477	524.3908963
1908	9	598088	280.6607227
1908	10	483627	226.948381
1908	11	395707	185.6907555
1908	12	312145	146.4781793
1909	1	378989	177.8456124
1909	2	317458	148.9713749
1909	3	763721	358.3862037
1909	4	1120492	525.805725
1909	5	3349297	1571.702018
1909	6	7203254	3380.222431
1909	7	4109919	1928.633975
1909	8	1880422	882.4129517
1909	9	1526396	716.281558
1909	10	680646	319.4021586
1909	11	489990	229.9343031
1909	12	377548	177.169404
1910	1	289322	135.768184
1910	2	493565	231.6119193
1910	3	1403871	658.7850774
1910	4	1730475	812.0483341
1910	5	3298793	1548.002346
1910	6	3101705	1455.51619
1910	7	1373125	644.3571093
1910	8	866631	406.6780854
1910	9	630999	296.1046457
1910	10	616468	289.2857813
1910	11	445769	209.1830127
1910	12	345922	162.3284843
1911	1	367374	172.3951197
1911	2	482597	226.4650399
1911	3	902111	423.3275458
1911	4	951815	446.6518067
1911	5	2924637	1372.424683
1911	6	4124342	1935.402159
1911	7	2353784	1104.544345
1911	8	1016615	477.0600657
1911	9	593647	278.5767245
1911	10	1138004	534.0234632
1911	11	442055	207.4401689
1911	12	353041	165.6691694
1912	1	346041	162.3843266
1912	2	327037	153.4664477
1912	3	538143	252.5307367
1912	4	902408	423.4669169
1912	5	3684152	1728.837166
1912	6	6151096	2886.483341
1912	7	3206236	1504.568747
1912	8	1362372	639.3111215
1912	9	631542	296.3594557
1912	10	636273	298.5795401
1912	11	533066	250.1482872
1912	12	305039	143.1435946
1913	1	354040	166.1379634
1913	2	314036	147.3655561
1913	3	523341	245.584702
1913	4	1829662	858.5931488
1913	5	3270773	1534.85359
1913	6	3144987	1475.826842
1913	7	1984477	931.2421398
1913	8	874871	410.5448146
1913	9	701627	329.247771
1913	10	670352	314.5715626
1913	11	538369	252.6367902
1913	12	329845	154.7841389
1914	1	369539	173.4110746
1914	2	401134	188.2374472
1914	3	876055	411.1004223
1914	4	1593815	747.9188175
1914	5	4685651	2198.803848
1914	6	6296012	2954.487095
1914	7	3116693	1462.549507
1914	8	1405438	659.520413
1914	9	783864	367.8385734
1914	10	964927	452.8047865
1914	11	527355	247.4683247
1914	12	334330	156.8887846
1915	1	304134	142.7189113
1915	2	397336	186.4551854
1915	3	525839	246.7569216
1915	4	1483872	696.3266072
1915	5	2427137	1138.966213
1915	6	3642472	1709.278273
1915	7	2147795	1007.881276
1915	8	853538	400.5340216
1915	9	528868	248.17832
1915	10	557983	261.8409198
1915	11	411050	192.8906617
1915	12	343248	161.0736743
1916	1	393996	184.8878461
1916	2	424367	199.1398405
1916	3	1391402	652.9338339
1916	4	1802735	845.957297
1916	5	3736188	1753.255748
1916	6	4752149	2230.008916
1916	7	2633061	1235.59878
1916	8	1931864	906.5527921
1916	9	809499	379.868137
1916	10	1402792	658.2787424
1916	11	495715	232.6208353
1916	12	369117	173.2130455
1917	1	260297	122.1478179
1917	2	351858	165.114031
1917	3	506892	237.8657907
1917	4	1545288	725.1468794
1917	5	3763312	1765.984045
1917	6	7772051	3647.137963
1917	7	4940893	2318.57954
1917	8	1618992	759.7334585
1917	9	822052	385.7587987
1917	10	510346	239.486626
1917	11	448052	210.2543407
1917	12	402771	189.0056312
1918	1	356293	167.1952135
1918	2	373570	175.3026748
1918	3	655998	307.8357579
1918	4	901047	422.8282496
1918	5	2760606	1295.450962
1918	6	5393082	2530.775223
1918	7	2288860	1074.077898
1918	8	968226	454.352886
1918	9	691873	324.6705772
1918	10	569909	267.4373534
1918	11	496385	232.9352417
1918	12	410088	192.4392304
1919	1	287188	134.7667762
1919	2	316951	148.7334585
1919	3	653288	306.5640544
1919	4	1414719	663.8756452
1919	5	3231443	1516.397466
1919	6	2597757	1219.03191
1919	7	1537304	721.4002816
1919	8	904499	424.4481464
1919	9	531938	249.6189582
1919	10	377401	177.1004223
1919	11	404787	189.9516659
1919	12	394092	184.9328954
1920	1	406940	190.9619897
1920	2	601644	282.3294228
1920	3	685472	321.6668231
1920	4	983984	461.7475364
1920	5	5917499	2776.864852
1920	6	6993901	3281.98076
1920	7	3165232	1485.327076
1920	8	1376497	645.939465
1920	9	620527	291.1905209
1920	10	534996	251.0539653
1920	11	596367	279.8531206
1920	12	404572	189.8507743
1921	1	414071	194.308306
1921	2	456635	214.2820272
1921	3	943676	442.832473
1921	4	930238	436.5265134
1921	5	4180109	1961.571563
1921	6	8467231	3973.360394
1921	7	2849389	1337.113562
1921	8	1972571	925.6550915
1921	9	953215	447.3087752
1921	10	477741	224.1862975
1921	11	410812	192.778977
1921	12	458713	215.2571563
1922	1	354102	166.1670577
1922	2	429948	201.7587987
1922	3	867877	407.2627874
1922	4	1224473	574.6001877
1922	5	4874849	2287.587518
1922	6	5624070	2639.169404
1922	7	2096584	983.8498358
1922	8	1087967	510.5429376
1922	9	617284	289.6687001
1922	10	327500	153.6837166
1922	11	391261	183.6044111
1922	12	400862	188.1098076
1923	1	369732	173.5016424
1923	2	336029	157.6860629
1923	3	427753	200.7287658
1923	4	1296746	608.5152511
1923	5	4029114	1890.715157
1923	6	5099406	2392.963867
1923	7	2998439	1407.05725
1923	8	1664755	781.2083529
1923	9	985871	462.6330361
1923	10	731926	343.4659784
1923	11	632012	296.5800094
1923	12	425855	199.8381042
1924	1	314158	147.4228062
1924	2	490542	230.1933365
1924	3	496310	232.9000469
1924	4	1658525	778.2848428
1924	5	3384372	1588.161427
1924	6	3828658	1796.648522
1924	7	1628866	764.3669639
1924	8	680819	319.4833412
1924	9	378899	177.8033787
1924	10	389461	182.7597372
1924	11	397899	186.7193806
1924	12	280177	131.4767715
1925	1	266334	124.9807602
1925	2	391292	183.6189582
1925	3	594432	278.9450962
1925	4	1469823	689.7339277
1925	5	2624348	1231.510089
1925	6	2913545	1367.219615
1925	7	2042150	958.3059596
1925	8	1005794	471.982168
1925	9	1139183	534.5767245
1925	10	998383	468.504458
1925	11	604169	283.5143125
1925	12	456166	214.0619427
1926	1	367550	172.47771
1926	2	360767	169.2946973
1926	3	616477	289.2900047
1926	4	1722211	808.1703426
1926	5	3686355	1729.870953
1926	6	4132000	1938.995777
1926	7	1937082	909.0014078
1926	8	916457	430.0595964
1926	9	451009	211.6419521
1926	10	465656	218.5152511
1926	11	339146	159.1487565
1926	12	383708	180.0600657
1927	1	341604	160.3022055
1927	2	390123	183.0703895
1927	3	606873	284.7832004
1927	4	1369061	642.4500235
1927	5	4348392	2040.540591
1927	6	4127326	1936.80244
1927	7	3040807	1426.938996
1927	8	1263371	592.8535899
1927	9	2013698	944.9544815
1927	10	948204	444.957297
1927	11	738283	346.4490849
1927	12	458035	214.9389958
1928	1	457184	214.5396527
1928	2	454767	213.4054435
1928	3	777155	364.6902863
1928	4	1103775	517.9610511
1928	5	4821916	2262.748006
1928	6	4261452	1999.742844
1928	7	2204925	1034.690286
1928	8	998312	468.4711403
1928	9	546594	256.4964805
1928	10	615502	288.832473
1928	11	570122	267.5373064
1928	12	348705	163.6344439
1929	1	337118	158.1970906
1929	2	351565	164.9765368
1929	3	915700	429.7043641
1929	4	1774777	832.8376349
1929	5	4602167	2159.627874
1929	6	5504354	2582.991084
1929	7	2714041	1273.599718
1929	8	2341485	1098.772877
1929	9	1715620	805.0774284
1929	10	956703	448.9455655
1929	11	564438	264.8700141
1929	12	440904	206.9000469
1930	1	300711	141.1126232
1930	2	457920	214.8850305
1930	3	563639	264.4950727
1930	4	1862406	873.9587048
1930	5	2225165	1044.188175
1930	6	3694826	1733.846082
1930	7	1617780	759.1647114
1930	8	1792049	840.9427499
1930	9	654030	306.9122478
1930	10	572750	268.7705303
1930	11	421345	197.7217269
1930	12	285543	133.9948381
1931	1	263522	123.6611919
1931	2	366317	171.8991084
1931	3	443955	208.3317691
1931	4	712221	334.2191459
1931	5	1515196	711.0258095
1931	6	2105243	987.9131863
1931	7	1117417	524.3627405
1931	8	646449	303.354763
1931	9	418724	196.4917879
1931	10	540290	253.538245
1931	11	366047	171.7724073
1931	12	259509	121.7780385
1932	1	283166	132.8793993
1932	2	567584	266.3463163
1932	3	718988	337.3946504
1932	4	1774718	832.8099484
1932	5	4465792	2095.632098
1932	6	4265119	2001.463632
1932	7	2612448	1225.925856
1932	8	1298785	609.4720788
1932	9	657063	308.3355232
1932	10	367933	172.6574378
1932	11	377363	177.0825903
1932	12	276082	129.5551384
1933	1	268596	126.0422337
1933	2	253914	119.1525106
1933	3	503603	236.3223839
1933	4	579969	272.1581417
1933	5	1743460	818.1417175
1933	6	4801705	2253.263726
1933	7	1823753	855.8202722
1933	8	775347	363.8418583
1933	9	541019	253.8803379
1933	10	435826	204.5171281
1933	11	297560	139.6339747
1933	12	336431	157.8747067
1934	1	299475	140.5326138
1934	2	296945	139.3453778
1934	3	356855	167.4589395
1934	4	584844	274.4458001
1934	5	1509729	708.4603473
1934	6	1012200	474.9882684
1934	7	685711	321.778977
1934	8	500747	234.982168
1934	9	273377	128.2857813
1934	10	211958	99.46410136
1934	11	179678	84.31628344
1934	12	229039	107.479587
1935	1	256895	120.5513843
1935	2	273633	128.4059127
1935	3	348946	163.7475364
1935	4	703982	330.352886
1935	5	1659496	778.7404974
1935	6	4722051	2215.885031
1935	7	2171914	1019.199437
1935	8	919185	431.3397466
1935	9	572163	268.4950727
1935	10	385872	181.0755514
1935	11	321744	150.9826373
1935	12	272346	127.8019709
1936	1	268006	125.7653684
1936	2	320027	150.1769122
1936	3	467293	219.283435
1936	4	1465536	687.7221962
1936	5	4139077	1942.316753
1936	6	3372480	1582.580948
1936	7	1631641	765.6691694
1936	8	1205683	565.7827311
1936	9	671727	315.2167996
1936	10	368541	172.9427499
1936	11	433435	203.3951197
1936	12	317678	149.0746129
1937	1	201426	94.52182074
1937	2	410110	192.4495542
1937	3	658450	308.9863914
1937	4	1594216	748.106992
1937	5	3944714	1851.109338
1937	6	2999795	1407.693571
1937	7	1865597	875.4561239
1937	8	797151	374.0736743
1937	9	568041	266.5607696
1937	10	497824	233.6105115
1937	11	378744	177.7306429
1937	12	387864	182.0103238
1938	1	328744	154.2674801
1938	2	352001	165.1811356
1938	3	773246	362.8559362
1938	4	1725164	809.556077
1938	5	3725399	1748.192867
1938	6	5360852	2515.650868
1938	7	2424331	1137.64946
1938	8	960014	450.4992961
1938	9	1004270	471.2670108
1938	10	589216	276.4974191
1938	11	473004	221.9633975
1938	12	405653	190.3580479
1939	1	343228	161.0642891
1939	2	302236	141.8282496
1939	3	809777	379.9985922
1939	4	1250651	586.8845612
1939	5	2975185	1396.145002
1939	6	2268860	1064.692633
1939	7	1050986	493.1891131
1939	8	585937	274.9587048
1939	9	644975	302.663069
1939	10	343706	161.2885969
1939	11	308677	144.8507743
1939	12	283053	132.8263726
1940	1	261698	122.8052557
1940	2	298277	139.9704364
1940	3	425689	199.7602065
1940	4	780974	366.4824026
1940	5	2559692	1201.169404
1940	6	2218883	1041.240263
1940	7	940183	441.1933365
1940	8	494824	232.2027217
1940	9	507262	238.0394181
1940	10	721330	338.4936649
1940	11	407612	191.2773346
1940	12	365250	171.3984045
1941	1	350022	164.2524636
1941	2	416080	195.2510558
1941	3	668639	313.7677147
1941	4	1151420	540.319099
1941	5	5436441	2551.122008
1941	6	4589254	2153.568278
1941	7	2362403	1108.588925
1941	8	1147302	538.3866729
1941	9	653866	306.8352886
1941	10	1781828	836.1464101
1941	11	893939	419.4927264
1941	12	567742	266.4204599
1942	1	410239	192.5100892
1942	2	393794	184.7930549
1942	3	646388	303.326138
1942	4	2925816	1372.977945
1942	5	3586298	1682.917879
1942	6	4839156	2270.838104
1942	7	2019205	947.5387142
1942	8	875590	410.8822149
1942	9	393152	184.4917879
1942	10	346604	162.6485218
1942	11	365731	171.6241201
1942	12	361812	169.7850774
1943	1	339375	159.2562177
1943	2	336518	157.9155326
1943	3	523944	245.8676678
1943	4	1680079	788.399343
1943	5	2483874	1165.590802
1943	6	3376876	1584.643829
1943	7	2074446	973.4612858
1943	8	1136590	533.3599249
1943	9	587709	275.7902393
1943	10	373350	175.1994369
1943	11	429906	201.7390896
1943	12	373574	175.3045519
1944	1	286268	134.335054
1944	2	336371	157.8465509
1944	3	470091	220.5964336
1944	4	1050492	492.957297
1944	5	3684541	1729.019709
1944	6	4815628	2259.797278
1944	7	2462721	1155.664477
1944	8	820700	385.1243548
1944	9	319005	149.6973252
1944	10	368992	173.1543876
1944	11	372201	174.6602534
1944	12	309893	145.4213984
1945	1	328314	154.0656969
1945	2	348379	163.4814641
1945	3	417545	195.9385265
1945	4	804371	377.461755
1945	5	3255617	1527.741436
1945	6	3477253	1631.747067
1945	7	2445270	1147.475364
1945	8	1431286	671.6499296
1945	9	481097	225.761145
1945	10	521528	244.7339277
1945	11	429534	201.5645237
1945	12	317955	149.2045988
1946	1	338315	158.7587987
1946	2	308656	144.8409198
1946	3	497646	233.5269826
1946	4	1227261	575.9084937
1946	5	1979996	929.1393712
1946	6	2754017	1292.358986
1946	7	1381140	648.1182543
1946	8	814739	382.3270765
1946	9	429471	201.5349601
1946	10	426221	200.0098545
1946	11	467621	219.4373534
1946	12	411605	193.1511028
1947	1	265012	124.3603942
1947	2	337511	158.381511
1947	3	634786	297.8817457
1947	4	866015	406.3890192
1947	5	3702981	1737.672924
1947	6	3795350	1781.018301
1947	7	2677593	1256.496011
1947	8	1511965	709.5096199
1947	9	754605	354.1083998
1947	10	822944	386.1773815
1947	11	571046	267.9709057
1947	12	440793	206.8479587
1948	1	372936	175.0051619
1948	2	424395	199.1529798
1948	3	581990	273.1065228
1948	4	1708607	801.7864852
1948	5	4108490	1927.963397
1948	6	3909614	1834.638198
1948	7	1611566	756.2487095
1948	8	852879	400.2247771
1948	9	356405	167.247771
1948	10	353187	165.7376818
1948	11	395870	185.7672454
1948	12	349159	163.8474894
1949	1	323922	152.0046926
1949	2	341251	160.1365556
1949	3	673055	315.8399812
1949	4	1439252	675.3880807
1949	5	3564293	1672.591741
1949	6	5184556	2432.921633
1949	7	2759686	1295.01924
1949	8	948988	445.3251994
1949	9	400298	187.8451431
1949	10	522751	245.3078367
1949	11	458617	215.212107
1949	12	355922	167.0211168
1950	1	349824	164.1595495
1950	2	374692	175.8291882
1950	3	563807	264.573909
1950	4	1281479	601.3510089
1950	5	2239709	1051.013139
1950	6	3862655	1812.602065
1950	7	1950714	915.3984045
1950	8	751542	352.6710465
1950	9	399789	187.6062881
1950	10	413820	194.1905209
1950	11	355486	166.8165181
1950	12	406352	190.6860629
1951	1	304993	143.1220084
1951	2	341914	160.4476771
1951	3	414822	194.6607227
1951	4	588687	276.2491788
1951	5	2133211	1001.037541
1951	6	3693973	1733.4458
1951	7	2155179	1011.346316
1951	8	1127697	529.1867668
1951	9	509573	239.1238855
1951	10	426832	200.2965744
1951	11	437328	205.2219615
1951	12	344670	161.7409667
1952	1	481218	225.8179259
1952	2	374985	175.9666823
1952	3	425813	199.8183951
1952	4	2449532	1149.475364
1952	5	5554490	2606.518067
1952	6	6221122	2919.34397
1952	7	2249717	1055.709526
1952	8	1214481	569.9113092
1952	9	669865	314.3430314
1952	10	365807	171.6597841
1952	11	365949	171.7264195
1952	12	368640	172.9892069
1953	1	398606	187.0511497
1953	2	355363	166.7587987
1953	3	450303	211.3106523
1953	4	569997	267.4786485
1953	5	1342116	629.805725
1953	6	3943396	1850.490849
1953	7	1601452	751.5025809
1953	8	1001118	469.787893
1953	9	392108	184.0018771
1953	10	310801	145.8474894
1953	11	419779	196.9868606
1953	12	338254	158.7301736
1954	1	313599	147.160488
1954	2	329977	154.8460817
1954	3	380026	178.3322384
1954	4	705647	331.1342093
1954	5	1804002	846.5518536
1954	6	1385207	650.026748
1954	7	1206426	566.1313937
1954	8	639193	299.9497888
1954	9	471089	221.0647583
1954	10	555384	260.6213046
1954	11	346374	162.5405913
1954	12	287298	134.8183951
1955	1	255833	120.0530267
1955	2	249237	116.9577663
1955	3	562115	263.7799155
1955	4	710931	333.6137963
1955	5	1993763	935.5997184
1955	6	2341513	1098.786016
1955	7	1174836	551.3073674
1955	8	885416	415.4931957
1955	9	346535	162.6161427
1955	10	219232	102.8775223
1955	11	275966	129.5007039
1955	12	342792	160.8596903
1956	1	365004	171.2829657
1956	2	280978	131.8526513
1956	3	571749	268.3007977
1956	4	1053972	494.5903332
1956	5	2926653	1373.370718
1956	6	3504889	1644.715626
1956	7	1112262	521.9436884
1956	8	680002	319.0999531
1956	9	288849	135.5462224
1956	10	191413	89.82308775
1956	11	302744	142.0666354
1956	12	259496	121.7719381
1957	1	297651	139.6766776
1957	2	333983	156.7259503
1957	3	474125	222.4894416
1957	4	878830	412.4026279
1957	5	2889416	1355.896762
1957	6	6790968	3186.75176
1957	7	4858314	2279.82825
1957	8	1949273	914.7221962
1957	9	985205	462.3205068
1957	10	746112	350.122947
1957	11	810958	380.5527921
1957	12	498026	233.7053027
1958	1	390894	183.4321915
1958	2	527759	247.6579071
1958	3	671134	314.9385265
1958	4	1610427	755.7142187
1958	5	4780048	2243.100892
1958	6	4500477	2111.908494
1958	7	1257846	590.2609104
1958	8	653520	306.6729235
1958	9	423615	198.7869545
1958	10	328067	153.9497888
1958	11	354498	166.352886
1958	12	361726	169.7447208
1959	1	304845	143.0525575
1959	2	305145	143.1933365
1959	3	354366	166.2909432
1959	4	487365	228.7024871
1959	5	1422316	667.4406382
1959	6	2877629	1350.365556
1959	7	1389991	652.2717034
1959	8	736482	345.6039418
1959	9	322670	151.417175
1959	10	555144	260.5086814
1959	11	509873	239.2646645
1959	12	354067	166.1506335
1960	1	285975	134.1975598
1960	2	308663	144.8442046
1960	3	742510	348.4326607
1960	4	1748018	820.2806194
1960	5	2032109	953.5940873
1960	6	3235688	1518.389489
1960	7	1321275	620.0258095
1960	8	563700	264.5236978
1960	9	320255	150.2839043
1960	10	355068	166.620366
1960	11	349739	164.1196621
1960	12	266387	125.0056312
1961	1	246005	115.4411075
1961	2	312749	146.7616143
1961	3	373366	175.2069451
1961	4	636851	298.8507743
1961	5	1695847	795.7986861
1961	6	2510332	1178.00657
1961	7	924536	433.8507743
1961	8	696176	326.689817
1961	9	832005	390.4293759
1961	10	802533	376.5992492
1961	11	545887	256.1647114
1961	12	374486	175.7325199
1962	1	337574	158.4110746
1962	2	729411	342.2857813
1962	3	620161	291.0187705
1962	4	2585277	1213.175504
1962	5	4111052	1929.16565
1962	6	3887117	1824.081183
1962	7	2487676	1167.374941
1962	8	884750	415.1806664
1962	9	394885	185.3050211
1962	10	542207	254.4378226
1962	11	434429	203.8615673
1962	12	343926	161.3918348
1963	1	202192	94.8812764
1963	2	368705	173.0197091
1963	3	572022	268.4289066
1963	4	769091	360.9061473
1963	5	1860875	873.2402628
1963	6	1828576	858.0835289
1963	7	887456	416.4504927
1963	8	659621	309.5358986
1963	9	646109	303.1952135
1963	10	289986	136.0797748
1963	11	318158	149.2998592
1963	12	227749	106.8742374
1964	1	227247	106.6386673
1964	2	233631	109.6344439
1964	3	292967	137.4786485
1964	4	619011	290.4791178
1964	5	2430315	1140.457532
1964	6	2902376	1361.978414
1964	7	1664574	781.1234162
1964	8	847351	397.6306898
1964	9	327988	153.912717
1964	10	250557	117.5771938
1964	11	290015	136.0933834
1964	12	328025	153.9300798
1965	1	342215	160.5889254
1965	2	345973	162.3524167
1965	3	393393	184.6048803
1965	4	1342599	630.0323792
1965	5	3336138	1565.526983
1965	6	5562406	2610.232755
1965	7	3750056	1759.763491
1965	8	1552006	728.29939
1965	9	865586	406.1877053
1965	10	845065	396.557954
1965	11	560645	263.0900985
1965	12	520577	244.2876584
1966	1	392813	184.3327076
1966	2	364477	171.035664
1966	3	934639	438.591741
1966	4	1247012	585.1769122
1966	5	2431492	1141.009855
1966	6	1843730	865.1947443
1966	7	1010284	474.08916
1966	8	560905	263.212107
1966	9	349087	163.8137025
1966	10	318330	149.3805725
1966	11	332153	155.8671985
1966	12	377204	177.0079775
1967	1	274882	128.9920225
1967	2	319861	150.0990145
1967	3	547277	256.8169873
1967	4	582418	273.3073674
1967	5	1846928	866.6954481
1967	6	3837961	1801.014078
1967	7	2033017	954.0201783
1967	8	835002	391.8357579
1967	9	403511	189.352886
1967	10	259909	121.9657438
1967	11	325508	152.7489442
1967	12	239190	112.2430784
1968	1	321818	151.0173627
1968	2	387655	181.9122478
1968	3	494565	232.0811825
1968	4	619493	290.7053027
1968	5	2211325	1037.693571
1968	6	4952291	2323.928203
1968	7	1696878	796.2824965
1968	8	1420247	666.4697325
1968	9	409746	192.2787424
1968	10	432170	202.8015016
1968	11	394573	185.158611
1968	12	313739	147.2261849
1969	1	400614	187.9934303
1969	2	361125	169.4626936
1969	3	545552	256.0075082
1969	4	1911511	897.0018771
1969	5	3765327	1766.929611
1969	6	2892809	1357.488972
1969	7	1991603	934.5861098
1969	8	858936	403.0671046
1969	9	584544	274.3050211
1969	10	694039	325.6870014
1969	11	518108	243.1290474
1969	12	391796	183.8554669
1970	1	357892	167.9455655
1970	2	347394	163.0192398
1970	3	421423	197.7583294
1970	4	585390	274.7020178
1970	5	3676415	1725.206476
1970	6	4071363	1910.541061
1970	7	1983374	930.7245425
1970	8	889796	417.5485687
1970	9	1118818	525.0201783
1970	10	613981	288.1187236
1970	11	489041	229.4889723
1970	12	393108	184.4711403
1971	1	434186	203.7475364
1971	2	457884	214.868137
1971	3	609626	286.0750821
1971	4	1357224	636.8953543
1971	5	2483012	1165.186298
1971	6	4371629	2051.444862
1971	7	2087101	979.3998123
1971	8	926307	434.6818395
1971	9	622351	292.0464571
1971	10	651910	305.9174097
1971	11	528810	248.1511028
1971	12	454971	213.5011732
1972	1	448906	210.6550915
1972	2	445694	209.1478179
1972	3	815881	382.8629751
1972	4	828391	388.7334585
1972	5	1982436	930.2843735
1972	6	3759166	1764.03848
1972	7	1210671	568.1234162
1972	8	705761	331.1877053
1972	9	565843	265.529329
1972	10	1260483	591.4983576
1972	11	641498	301.0314406
1972	12	451082	211.6762084
1973	1	424667	199.2806194
1973	2	490407	230.1299859
1973	3	890884	418.0591272
1973	4	1438076	674.8362271
1973	5	4575407	2147.070389
1973	6	4847342	2274.679493
1973	7	2680815	1258.007977
1973	8	951622	446.5612389
1973	9	619093	290.5175974
1973	10	400989	188.169404
1973	11	457476	214.6766776
1973	12	381670	179.1037072
1974	1	393294	184.5584233
1974	2	360746	169.2848428
1974	3	777349	364.7813233
1974	4	957593	449.3632098
1974	5	3351336	1572.658846
1974	6	3263962	1531.657438
1974	7	1517615	712.1609573
1974	8	734400	344.6269357
1974	9	369249	173.2749883
1974	10	411068	192.8991084
1974	11	483002	226.6550915
1974	12	302667	142.0305021
1975	1	341939	160.4594087
1975	2	359748	168.8165181
1975	3	623972	292.8071328
1975	4	890582	417.9174097
1975	5	2780708	1304.884092
1975	6	4978289	2336.128109
1975	7	3856879	1809.8916
1975	8	1005515	471.8512435
1975	9	531572	249.4472079
1975	10	380544	178.5753168
1975	11	400144	187.7728766
1975	12	385753	181.0197091
1976	1	331866	155.7325199
1976	2	470842	220.9488503
1976	3	550454	258.3078367
1976	4	869848	408.1877053
1976	5	2512561	1179.052557
1976	6	2769885	1299.805256
1976	7	1290938	605.7897701
1976	8	742776	348.5574847
1976	9	495553	232.5448146
1976	10	413237	193.9169404
1976	11	346289	162.5007039
1976	12	249793	117.2186767
1977	1	288957	135.5969029
1977	2	300439	140.9849836
1977	3	269027	126.2444862
1977	4	374668	175.8179259
1977	5	615729	288.9389958
1977	6	947165	444.4697325
1977	7	656724	308.176443
1977	8	589839	276.7897701
1977	9	383414	179.9221023
1977	10	312951	146.8564054
1977	11	325794	152.8831534
1977	12	312901	146.8329423
1978	1	367778	172.584702
1978	2	315282	147.9502581
1978	3	648044	304.1032379
1978	4	1296958	608.6147349
1978	5	2766703	1298.31206
1978	6	4925744	2311.470671
1978	7	2430502	1140.545284
1978	8	786796	369.2144533
1978	9	403348	189.2763961
1978	10	337622	158.4335992
1978	11	484296	227.2623182
1978	12	396615	186.1168466
1979	1	378857	177.7836696
1979	2	400248	187.82168
1979	3	820933	385.2336931
1979	4	1857833	871.812764
1979	5	4004564	1879.194744
1979	6	5026746	2358.867198
1979	7	2479879	1163.716096
1979	8	1031694	484.1360863
1979	9	390308	183.1572032
1979	10	323695	151.8981699
1979	11	384109	180.2482403
1979	12	342074	160.5227593
1980	1	454812	213.4265603
1980	2	621801	291.7883623
1980	3	655913	307.7958705
1980	4	1533104	719.4293759
1980	5	4411033	2069.935711
1980	6	5201268	2440.763961
1980	7	2030441	952.8113562
1980	8	666000	312.529329
1980	9	685451	321.6569686
1980	10	352771	165.5424683
1980	11	414053	194.2998592
1980	12	414613	194.5626466
1981	1	331751	155.6785547
1981	2	320735	150.5091506
1981	3	403089	189.1548569
1981	4	680995	319.5659315
1981	5	1245716	584.5687471
1981	6	2312416	1085.131863
1981	7	1088394	510.743313
1981	8	499716	234.4983576
1981	9	574463	269.5743782
1981	10	672482	315.5710934
1981	11	434368	203.8329423
1981	12	353000	165.6499296
1982	1	295281	138.5645237
1982	2	394385	185.0703895
1982	3	686508	322.1529798
1982	4	1065078	499.8019709
1982	5	3217382	1509.799155
1982	6	4243695	1991.410136
1982	7	2771662	1300.639137
1982	8	1570235	736.8535899
1982	9	1020835	479.0403566
1982	10	886751	416.1196621
1982	11	636169	298.5307367
1982	12	544782	255.6461755
1983	1	423722	198.8371656
1983	2	485406	227.7832004
1983	3	985487	462.452839
1983	4	1250150	586.6494603
1983	5	3843553	1803.638198
1983	6	7589336	3561.396527
1983	7	4407247	2068.15908
1983	8	1926961	904.2519944
1983	9	750277	352.0774284
1983	10	829643	389.3209761
1983	11	556130	260.9713749
1983	12	526927	247.2674801
1984	1	311094	145.9849836
1984	2	465756	218.5621774
1984	3	787467	369.529329
1984	4	1579150	741.0370718
1984	5	6627906	3110.232755
1984	6	6456738	3029.909901
1984	7	3371682	1582.206476
1984	8	1802366	845.7841389
1984	9	863122	405.0314406
1984	10	889855	417.5762553
1984	11	652722	306.2984514
1984	12	548542	257.4106053
1985	1	474478	222.6550915
1985	2	468833	220.0061004
1985	3	1198030	562.1914594
1985	4	2841665	1333.488972
1985	5	5606203	2630.785077
1985	6	4682799	2197.465509
1985	7	2061930	967.5879869
1985	8	976416	458.196152
1985	9	643102	301.7841389
1985	10	880692	413.2763961
1985	11	638341	299.5499765
1985	12	568455	266.7550446
1986	1	416980	195.6733928
1986	2	681252	319.6865321
1986	3	1062442	498.564993
1986	4	2389295	1121.208353
1986	5	4295237	2015.596903
1986	6	6117832	2870.873768
1986	7	3163287	1484.414359
1986	8	1245272	584.3603942
1986	9	909360	426.7292351
1986	10	1165093	546.7353355
1986	11	924652	433.9052088
1986	12	607566	285.1083998
1987	1	403771	189.4748944
1987	2	646283	303.2768653
1987	3	1016769	477.1323322
1987	4	2161718	1014.414829
1987	5	3708378	1740.205537
1987	6	3044527	1428.684655
1987	7	1354813	635.7639606
1987	8	989927	464.5363679
1987	9	572968	268.8728297
1987	10	498469	233.9131863
1987	11	609293	285.9188175
1987	12	327295	153.5875176
1988	1	307806	144.442046
1988	2	451527	211.8850305
1988	3	731963	343.4833412
1988	4	1224856	574.7799155
1988	5	2202913	1033.746129
1988	6	2756571	1293.557485
1988	7	1285309	603.1482872
1988	8	791840	371.5814172
1988	9	480968	225.70061
1988	10	410073	192.4321915
1988	11	283487	133.0300328
1988	12	261152	122.549038
1989	1	222003	104.1778508
1989	2	360639	169.2346316
1989	3	872629	409.4927264
1989	4	1291130	605.8798686
1989	5	1780594	835.5673393
1989	6	1906227	894.52229
1989	7	1073067	503.5509151
1989	8	744386	349.3129986
1989	9	346845	162.7616143
1989	10	304804	143.0333177
1989	11	326295	153.1182543
1989	12	245558	115.2313468
1990	1	266046	124.8456124
1990	2	267742	125.6414829
1990	3	427332	200.531206
1990	4	693040	325.2182074
1990	5	1309993	614.7315814
1990	6	2636518	1237.221023
1990	7	1326354	622.4091976
1990	8	645994	303.1412482
1990	9	524335	246.0511497
1990	10	578174	271.3158142
1990	11	430359	201.9516659
1990	12	245004	114.9713749
1991	1	308190	144.6222431
1991	2	386858	181.538245
1991	3	534880	250.9995307
1991	4	945693	443.778977
1991	5	2363462	1109.085875
1991	6	3433682	1611.300798
1991	7	1438152	674.8718911
1991	8	910553	427.2890662
1991	9	769594	361.1421868
1991	10	325417	152.7062412
1991	11	549344	257.7869545
1991	12	356655	167.3650868
1992	1	307263	144.187236
1992	2	465833	218.5983107
1992	3	678165	318.2379165
1992	4	1244864	584.1689348
1992	5	2496009	1171.285312
1992	6	2061844	967.5476302
1992	7	1224167	574.4565931
1992	8	815534	382.7001408
1992	9	543435	255.0140779
1992	10	367263	172.3430314
1992	11	426222	200.0103238
1992	12	285728	134.0816518
1993	1	537159	252.0689817
1993	2	492596	231.1572032
1993	3	1001611	470.0192398
1993	4	1559826	731.9690286
1993	5	4906068	2302.237447
1993	6	5082810	2385.175974
1993	7	2295303	1077.101361
1993	8	1091852	512.3660253
1993	9	651090	305.5326138
1993	10	538432	252.6663538
1993	11	412416	193.5316753
1993	12	346891	162.7832004
1994	1	375164	176.0506804
1994	2	355563	166.8526513
1994	3	708032	332.2534022
1994	4	927922	435.4396997
1994	5	2498768	1172.580009
1994	6	2425265	1138.087752
1994	7	925153	434.1403097
1994	8	612132	287.2510558
1994	9	485511	227.832473
1994	10	497466	233.4425153
1994	11	395872	185.768184
1994	12	374202	175.5992492
1995	1	332824	156.1820741
1995	2	435433	204.3327076
1995	3	932264	437.4772407
1995	4	862634	404.8024402
1995	5	2644053	1240.756922
1995	6	6427413	3016.148756
1995	7	4857458	2279.42656
1995	8	1548792	726.7911779
1995	9	564350	264.8287189
1995	10	537662	252.3050211
1995	11	464878	218.1501642
1995	12	380049	178.3430314
1996	1	365854	171.6818395
1996	2	483711	226.9877992
1996	3	523383	245.6044111
1996	4	1218497	571.7958705
1996	5	3562190	1671.60488
1996	6	3603750	1691.107461
1996	7	1810436	849.5710934
1996	8	636451	298.663069
1996	9	466084	218.7160957
1996	10	498177	233.7761614
1996	11	605282	284.0366025
1996	12	442930	207.8507743
1997	1	458291	215.0591272
1997	2	384425	180.3965275
1997	3	1172665	550.2885969
1997	4	1700486	797.9755983
1997	5	4912300	2305.161896
1997	6	6052692	2840.30596
1997	7	2176559	1021.379165
1997	8	1463792	686.903801
1997	9	1317326	618.1726889
1997	10	957047	449.106992
1997	11	636013	298.4575317
1997	12	454378	213.2229
1998	1	493364	231.5175974
1998	2	441149	207.0150164
1998	3	828494	388.7817926
1998	4	1518916	712.7714688
1998	5	3878483	1820.029564
1998	6	3568588	1674.607227
1998	7	2377056	1115.46504
1998	8	1128181	529.4138902
1998	9	686904	322.3388081
1998	10	681440	319.7747536
1998	11	711183	333.7320507
1998	12	389712	182.8775223
1999	1	465858	218.6100422
1999	2	441351	207.1098076
1999	3	663764	311.4800563
1999	4	914504	429.1431253
1999	5	2834474	1330.1145
1999	6	4484917	2104.606757
1999	7	2339725	1097.946973
1999	8	1612581	756.7250117
1999	9	913322	428.5884561
1999	10	460266	215.9859221
1999	11	385793	181.0384796
1999	12	357784	167.894885
2000	1	401041	188.1938057
2000	2	416702	195.5429376
2000	3	554739	260.3186298
2000	4	1213677	569.5340216
2000	5	2690228	1262.425153
2000	6	2185673	1025.65603
2000	7	944249	443.1013609
2000	8	503050	236.0628813
2000	9	428106	200.8944158
2000	10	450706	211.4997654
2000	11	395470	185.5795401
2000	12	350269	164.3683717
2001	1	318401	149.4138902
2001	2	337573	158.4106053
2001	3	656354	308.0028156
2001	4	1002791	470.5729704
2001	5	3038452	1425.833881
2001	6	2229715	1046.323322
2001	7	1031679	484.1290474
2001	8	782142	367.0305021
2001	9	429597	201.5940873
2001	10	279073	130.9587048
2001	11	336873	158.0821211
2001	12	283249	132.9183482
2002	1	278065	130.4856875
2002	2	254800	119.5682778
2002	3	383203	179.8230878
2002	4	622934	292.3200375
2002	5	817517	383.6306898
2002	6	1053311	494.2801502
2002	7	645330	302.8296574
2002	8	387719	181.9422806
2002	9	528662	248.0816518
2002	10	349657	164.0811825
2002	11	414705	194.6058189
2002	12	287582	134.9516659
2003	1	280227	131.5002346
2003	2	269126	126.2909432
2003	3	520580	244.2890662
2003	4	712860	334.5190052
2003	5	2265669	1063.195214
2003	6	2912610	1366.780854
2003	7	1173071	550.4791178
2003	8	595151	279.2824965
2003	9	674011	316.2885969
2003	10	380153	178.3918348
2003	11	416986	195.6762084
2003	12	338359	158.7794463
2004	1	288516	135.3899578
2004	2	318267	149.3510089
2004	3	759000	356.1708118
2004	4	1129750	530.1501642
2004	5	2036507	955.6579071
2004	6	1780992	835.7541061
2004	7	1037940	487.0671046
2004	8	484334	227.2801502
2004	9	472418	221.6884092
2004	10	626942	294.2008447
2004	11	571559	268.2116377
2004	12	422658	198.3378695
2005	1	668291	313.6044111
2005	2	560293	262.9249179
2005	3	715300	335.6640075
2005	4	1773341	832.1637729
2005	5	4160612	1952.422337
2005	6	4337526	2035.441577
2005	7	1932220	906.7198498
2005	8	855593	401.4983576
2005	9	493597	231.6269357
2005	10	738725	346.6564993
2005	11	507515	238.1581417
2005	12	380041	178.3392773
2006	1	398330	186.921633
2006	2	329111	154.4396997
2006	3	542474	254.5631159
2006	4	1536243	720.9023932
2006	5	3232985	1517.12107
2006	6	2496137	1171.345378
2006	7	1149297	539.3228531
2006	8	778747	365.4373534
2006	9	538203	252.5588925
2006	10	1566581	735.1389019
2006	11	578594	271.5129047
2006	12	402943	189.0863444
2007	1	337166	158.2196152
2007	2	456757	214.3392773
2007	3	1012629	475.1895824
2007	4	1190847	558.8207414
2007	5	2545643	1194.576725
2007	6	2125698	997.5119662
2007	7	1053353	494.2998592
2007	8	817153	383.459878
2007	9	480165	225.3237916
2007	10	571720	268.2871891
2007	11	413778	194.1708118
2007	12	412071	193.3697794
2008	1	370897	174.0483341
2008	2	478580	224.5800094
2008	3	742523	348.4387611
2008	4	1365053	640.5692163
2008	5	3583470	1681.590802
2008	6	4803955	2254.319568
2008	7	2221264	1042.357579
2008	8	868376	407.4969498
2008	9	483913	227.0825903
2008	10	436526	204.8456124
2008	11	431277	202.3824496
2008	12	335894	157.6227123
2009	1	386381	181.3144064
2009	2	387078	181.6414829
2009	3	564852	265.0642891
2009	4	1225387	575.0290943
2009	5	4159993	1952.131863
2009	6	3468167	1627.483341
2009	7	1856212	871.0520882
2009	8	640435	300.5326138
2009	9	414780	194.6410136
2009	10	374276	175.6339747
2009	11	399919	187.6672924
2009	12	258059	121.0976068
2010	1	369756	173.5129047
2010	2	368040	172.707649
2010	3	624888	293.2369779
2010	4	1327970	623.167527
2010	5	2173179	1019.793055
2010	6	3753020	1761.154388
2010	7	1252578	587.7888315
2010	8	953773	447.5706241
2010	9	470774	220.9169404
2010	10	555908	260.8671985
2010	11	401952	188.6213046
2010	12	469696	220.4110746
2011	1	310643	145.7733458
2011	2	317380	148.9347724
2011	3	640964	300.7808541
2011	4	1249653	586.4162365
2011	5	3081093	1445.843735
2011	6	6690482	3139.597372
2011	7	4490983	2107.453308
2011	8	1290530	605.5983107
2011	9	707879	332.1816049
2011	10	634606	297.7972783
2011	11	527191	247.3913656
2011	12	361277	169.5340216
2012	1	382809	179.638198
2012	2	385594	180.9450962
2012	3	733463	344.187236
2012	4	1225116	574.901924
2012	5	1355514	636.0929141
2012	6	1075946	504.901924
2012	7	747067	350.5710934
2012	8	635530	298.2308775
2012	9	377941	177.3538245
2012	10	343053	160.982168
2012	11	315224	147.9230408
2012	12	228049	107.0150164
2013	1	215200	100.9854528
2013	2	289115	135.6710465
2013	3	358692	168.3209761
2013	4	545424	255.9474425
2013	5	1964509	921.8718911
2013	6	1963286	921.2979822
2013	7	874250	410.2534022
2013	8	728151	341.6945096
2013	9	1148333	538.8704833
2013	10	648183	304.1684655
2013	11	522870	245.363679
2013	12	338647	158.9145941
2014	1	309201	145.0966682
2014	2	373725	175.3754106
2014	3	561508	263.4950727
2014	4	1266891	594.5053965
2014	5	2930207	1375.03848
2014	6	3929687	1844.057719
2014	7	1526390	716.2787424
2014	8	901724	423.1459409
2014	9	791637	371.4861567
2014	10	879938	412.9225716
2014	11	466308	218.8212107
2014	12	424351	199.1323322
2015	1	409351	192.0933834
2015	2	526124	246.8906617
2015	3	702896	329.8432661
2015	4	849760	398.761145
2015	5	2116846	993.3580479
2015	6	4262118	2000.055373
2015	7	1649736	774.160488
2015	8	669216	314.0384796
2015	9	476480	223.5945565
2015	10	625930	293.7259503
2015	11	443078	207.9202252
2015	12	318052	149.2501173
2016	1	360472	169.1562647
2016	2	447752	210.1135617
2016	3	680511	319.3388081
2016	4	1106703	519.335054
2016	5	2988292	1402.295636
2016	6	3952180	1854.612858
2016	7	1393103	653.7320507
2016	8	648049	304.1055842
2016	9	513692	241.0567809
2016	10	562893	264.1450023
2016	11	429381	201.4927264
2016	12	346689	162.6884092
2017	1	418854	196.5527921
2017	2	602856	282.8981699
2017	3	1314310	616.7573909
2017	4	1916178	899.1919287
2017	5	3205952	1504.435476
2017	6	4478868	2101.768184
2017	7	1862948	874.2130455
2017	8	932397	437.5396527
2017	9	405071	190.0849366
2017	10	555136	260.5049273
2017	11	422356	198.196152
2017	12	305805	143.5030502
2018	1	298240	139.9530737
2018	2	322612	151.3899578
2018	3	453234	212.6860629
2018	4	722095	338.8526513
2018	5	2132352	1000.634444
2018	6	1700990	798.212107
2018	7	864519	405.6870014
2018	8	482174	226.2665415
2018	9	354690	166.4429845
2018	10	454889	213.4626936
2018	11	292258	137.1459409
2018	12	242535	113.812764
